aruco_to_calibration_link:
  rotation:
    w: 0.01543032988860891
    x: 0.0653739391650453
    y: 0.004845503615112047
    z: 0.9977297600514329
  translation:
    x: -0.02628958748932264
    y: 0.005059988129498094
    z: -0.044750515236133936
