aruco_to_calibration_link:
  rotation:
    w: 0.011543409207499031
    x: -0.0943169467808776
    y: 0.015638706101821817
    z: 0.9953524471890658
  translation:
    x: 0.03859175536305792
    y: 0.004807541736946641
    z: 0.05941440213380347
