aruco_to_calibration_link:
  rotation:
    w: 0.017293101803170403
    x: 0.07233658096757184
    y: -0.0033596187263120678
    z: 0.9972246891478173
  translation:
    x: -0.1779776741393156
    y: 0.009966435845215366
    z: 0.13579213250579583
