approach_link:
  rotation:
    w: -0.4492104499679035
    x: 0.5412316578180305
    y: -0.5398284641413147
    z: 0.4624537744661723
  translation:
    x: -0.11899046433165261
    y: 0.001039375086545613
    z: 0.005814254167332056
mount_link:
  rotation:
    w: -0.4492104499679035
    x: 0.5412316578180305
    y: -0.5398284641413147
    z: 0.4624537744661723
  translation:
    x: 0.007656876715687377
    y: -0.0006359550385610646
    z: -0.015862790709925384
