aruco_to_calibration_link:
  rotation:
    w: 0.02937703439384722
    x: 0.06614482572632771
    y: 0.03397014631836237
    z: 0.9967988167323262
  translation:
    x: -0.02655361227653308
    y: -0.008923862051604878
    z: -0.04308178621073866
