approach_link:
  rotation:
    w: 0.4558625721568001
    x: -0.5314123960604463
    y: 0.5444243367346121
    z: -0.4619440682495656
  translation:
    x: -0.11953327264346209
    y: 0.0018786112073456707
    z: 0.003463322113613665
mount_link:
  rotation:
    w: 0.4558625721568001
    x: -0.5314123960604463
    y: 0.5444243367346121
    z: -0.4619440682495656
  translation:
    x: 0.007338756395791957
    y: -0.0004967295964860563
    z: -0.016787505117102475
