approach_link:
  rotation:
    w: 0.45593988529002594
    x: -0.5336829554660878
    y: 0.5464231225334233
    z: -0.45686222781876284
  translation:
    x: -0.11842944977469605
    y: 0.0113331922862668266
    z: 0.0035986480489323958
mount_link:
  rotation:
    w: 0.45593988529002594
    x: -0.5336829554660878
    y: 0.5464231225334233
    z: -0.45686222781876284
  translation:
    x: 0.008260159931551048
    y: -0.000289181789867865
    z: -0.017834053480175666
